	D LTACONDITIONS	TRPcfs	CLCcfs	DCCP RC NT	NDOIcfs	VNScfs	InDiv14Day	InDiv3Day	QRIOVcfs	CCWppm	INBppm	IDBppm	Contra costa CL (sum of INB,IDB,CCW)	CLCd gC	MSDd gC	combin   xport	M an 5-Day OMR (USGS)	M an 14-Day OMR (USGS)	M an 5-Day OMR (Ind x)	M an 14-Day OMR (Ind x)	OMR Limit (cfs)	QWESTcfs
10/1/2024	b	1843	6673	0	10623	1314	16.7	17.5	15700.43	23	44	45	112	23.2	22.6	8516	-3996	-7851.428571	-2682.144565	-6721.656927		-4850
10/2/2024	b	2820	6669	0	9563	1238	28.9	29.9	15656.9	23	44	42	109	23.2	22.8	9488	-5304	-7715.714286	-4157.436772	-6617.19251		-5868
10/3/2024	b	3145	6678	0	8763	1176	41.8	43.4	15289.49	23	47	45	115	23.5	23.2	9823	-6692	-7602.142857	-5697.064037	-6536.827642		-6312
10/4/2024	b	3490	6679	60	6604	1142	44.9	47.8	13683.85	28	49	47	124	23.6	23.6	10168	-8280	-7530	-7312.066868	-6479.808279		-6867
10/5/2024	b	4188	6678	100	4422	1208	47.9	53.4	10066.15	31	49	47	127	23.7	23.5	10866	-9752	-7495.714286	-9069.414077	-6513.91062		-5436
10/6/2024	b	4204	5992	100	4203	1350	49.6	58.5	7628.366	31	49	48	128	23.7	23.3	10196	-10446	-7510	-9385.975218	-6502.278418		-3230
10/7/2024	b	4220	5493	40	4406	1415	50	60.7	7120.74	30	52	45	127	23.7	23.2	9713	-10622	-7544.285714	-9417.879766	-6455.107808		-2539
10/8/2024	b	4225	5294	0	4564	1355	48.9	59.6	8896.86	29	52	44	125	23.7	23.1	9520	-10608	-7559.285714	-9342.355847	-6465.274566		-4170
10/9/2024	b	4242	5492	0	4140	1293	49.2	59.4	10185.58	28	53	43	124	23.3	22.6	9734	-10394	-7656.428571	-9242.575951	-6519.461188		-5884
10/10/2024	b	4224	5493	0	4158	1257	50.3	59.8	10265.34	27	48	43	118	23.1	22.1	9717	-10128	-7995.714286	-9012.95948	-6853.184623		-5933
10/11/2024	b	4190	5493	60	4196	1386	51.8	60.5	10255.93	26	48	42	116	22.8	21.4	9683	-9848	-8455	-8909.271831	-7391.290157		-5883
10/12/2024	b	4173	5490	100	4082	1695	52.8	60.5	7998.691	25	48	42	115	22.4	20.4	9663	-9456	-8832.857143	-8894.432442	-7923.6705		-3726
10/13/2024	b	4213	495	100	8551	1968	44.7	50.8	6093.189	25	48	45	118	22.3	19.8	4708	-8670	-9081.428571	-7979.440189	-8122.049689		2643
10/14/2024	b	4218	0	100	8123	2013	35.5	40.5	5248.324	26	63	42	131	22.3	19.7	4218	-7768	-9193.571429	-6904.035727	-8283.752448		3061
10/15/2024	b	4218	0	100	7516	1963	25.8	29.9	4756.819	25	29	47	101	22.2	19.8	4218	-6840	-9011.428571	-5825.298319	-7975.739535		2946
10/16/2024	b	4094	0	100	7465	1823	25.4	29.7	4662.788	26	29	47	102	21.8	19.7	4094	-6000	-8703.571429	-4729.334649	-7595.539399		2990
10/17/2024	b	4224	490	100	6128	1637	27.3	32	4444.911	26	46	47	119	21.2	19.1	4714	-5486	-8402.142857	-3773.814247	-7236.795575		1871
10/18/2024	b	4227	2294	100	3730	1668	33.3	39.2	4365.243	27	49	48	124	20	17.3	6522	-5548	-8105.714286	-4101.201614	-6975.312098		-445
10/19/2024	b	4233	1993	100	3706	1995	39	46.8	4274.193	28	50	52	130	19.1	16.3	6226	-5974	-7844.285714	-4483.476517	-6645.917605		-384
10/20/2024	b	4232	1998	100	3894	2426	43.4	52.1	4161.073	29	51	52	132	19.1	15.7	6230	-6432	-7577.857143	-4842.868564	-6353.201445		-97
10/21/2024	b	2509	3993	100	4186	2550	44.2	51.6	3908.674	31	56	49	136	19	15.7	6502	-6710	-7306.428571	-5237.014732	-6102.373316		424
10/22/2024	b	2514	4191	100	4538	2232	46	51	3938.368	32	58	56	146	19	15.9	6705	-6784	-7036.428571	-5532.294685	-5876.059446		781
10/23/2024	b	2494	4290	100	4424	1885	48.1	51.1	4105.806	34	54	56	144	18.9	16	6784	-6778	-6814.285714	-5524.917113	-5647.576799		500
10/24/2024	b	1973	4395	100	4348	1673	48.6	50.7	4209.595	36	53	56	145	18.7	16.2	6368	-6616	-6590	-5530.510002	-5402.185649		336
10/25/2024	b	1772	3896	100	4462	1871	47	49.4	4179.022	37	53	56	146	18.5	16.2	5668	-6402	-6347.142857	-5451.207398	-5118.178433		498
10/26/2024	b	1691	4297	100	3660	2410	46.1	49.4	3899.05	37	53	56	146	18.4	15.4	5988	-6266	-6167.142857	-5400.467553	-4854.528712		-11
10/27/2024	b	1734	4492	100	3634	2660	46.7	50.2	3679.052	37	53	55	145	18.5	15.2	6226	-6272	-6180	-5321.296184	-4926.722301		187
10/28/2024	b	1833	4899	100	3389	2512	50.1	53.2	3505.888	34	55	48	137	18.3	15.4	6732	-6278	-6282.142857	-5275.832583	-5066.075676		103
10/29/2024	b	1872	4793	100	3387	2293	52.5	54.6	3425.755	37	29	53	119	17.6	15.2	6665	-6290	-6393.571429	-5275.949213	-5205.989539		173
10/30/2024	b	2533	4794	100	2814	2061	55.9	57.3	3615.212	37	48	53	138	17.4	15	7326	-6492	-6522.857143	-5528.208043	-5403.490359		-589
10/31/2024	b	2341	4688	100	2311	1873	57.3	59.4	3393.335	31	39	38	108	17.2	15.2	7029	-6768	-6625	-5702.275726	-5543.264955		-867
11/1/2024	b	3441	1995	100	3556	2121	54.4	57.8	3429.685	31	40	38	109	17	15.2	5436	-6784	-6621.428571	-5598.971065	-5461.639962		323
11/2/2024	b	3482	1592	100	4350	2491	48.4	52.6	3476.85	31	41	38	110	16.8	15	5074	-6564	-6492.857143	-5277.428027	-5349.629787		1087
11/3/2024	b	3467	1799	100	5184	2548	43.6	46.2	3912.827	31	46	39	116	16.5	14.5	5267	-6132	-6286.428571	-4958.301593	-5247.215621		1485
11/4/2024	b	2285	1896	100	7006	2371	40.1	40.2	4235.684	26	56	50	132	15.8	14.2	4180	-5542	-6105.714286	-4295.286098	-5067.158704		2988
11/5/2024	b	2213	3193	100	5511	2062	41.2	39.5	4091.819	32	46	43	121	15.7	13.9	5406	-5112	-6027.857143	-3907.779373	-4963.080915		1636
11/6/2024	b	3011	2895	100	4728	1839	43.1	41	4305.161	32	46	43	121	15.2	13.3	5906	-4896	-5949.285714	-3919.068358	-4888.122549		628
11/7/2024	b	3341	2292	100	4156	1641	47.4	46.2	4085.558	32	46	43	121	14.5	13.4	5632	-4880	-5872.857143	-4047.318889	-4819.918675		294
11/8/2024	b	3428	1993	100	3902	1546	47.7	48	3894.974	31	50	43	124	14.4	13.6	5422	-5034	-5797.857143	-4153.335857	-4783.69007		224
11/9/2024	b	3432	1392	100	4672	1542	44.7	46.2	4078.444	31	50	43	124	14.5	13.6	4824	-5060	-5675	-4362.658046	-4696.512452		803
11/10/2024	b	3425	1196	100	4733	1478	42	43.9	3945.139	30	50	43	123	14.6	13.5	4621	-4890	-5534.285714	-4295.449709	-4596.707174		992
11/11/2024	b	3424	991	100	4691	1432	39.4	41.2	3848.987	35	61	52	148	14.6	13.2	4415	-4730	-5396.428571	-4076.470248	-4459.778858		1052
11/12/2024	b	3384	794	40	6327	1416	37.8	40	4184.721	30	50	43	123	NR	12.9	4178	-4556	-5253.571429	-3847.522801	-4309.766385		2249
11/13/2024	b	3400	1187	0	6110	1370	38	40.2	5978.779	30	45	32	107	NR	12.9	4587	-4606	-5124.285714	-3716.601239	-4136.687641		239
11/14/2024	b	3416	1595	0	5259	1317	39.9	42.6	6743.153	30	45	40	115	NR	13.1	5011	-4916	-5013.571429	-3767.259898	-4005.43537		-1378
11/15/2024	b	3444	1293	60	6067	1290	41.5	43.9	7256.352	30	45	40	115	NR	13.1	4737	-5162	-4955	-3811.859698	-3958.453115		-1091
11/16/2024	b	3439	1291	100	6102	1330	42	44.1	5703.742	30	45	40	115	NR	12.4	4730	-5268	-4933.571429	-3889.165391	-3963.970774		495
11/17/2024	b	3432	1094	100	5013	1365	40.8	41.6	4269.793	31	45	40	116	NR	11.9	4525	-5412	-4996.428571	-3964.341334	-3954.780578		912
11/18/2024	b	2606	1593	40	4842	1337	39.7	40.1	3926.515	35	55	49	139	NR	11.9	4198	-5288	-5033.571429	-3900.599835	-3995.728261		1125
11/19/2024	b	2633	2393	0	4041	1294	41	41.2	5561.277	32	49	46	127	NR	11.6	5025	-5084	-5003.571429	-3908.649607	-4005.746168		-1312
11/20/2024	b	3375	1498	0	4036	1286	42.4	43	6556.084	32	54	48	134	NR	11.1	4873	-5062	-5014.285714	-3937.803334	-3965.144178		-2317
11/21/2024	b	3470	1989	0	3920	1296	46.4	46.7	6866.679	32	58	50	140	NR	11.3	5459	-5164	-5035	-4073.283323	-3973.243786		-2759
11/22/2024	b	4211	3497	0	6182	1312	53.3	49.2	10247.31	32	67	61	160	12.2	11.6	7708	-5512	-5167.142857	-4658.662085	-4135.254231		-3957
11/23/2024	b	4079	5495	0	17506	1386	63.1	47.9	18290.22	33	65	68	166	12.3	12.2	9573	-6124	-5413.571429	-5645.320287	-4453.821918		-1130
11/24/2024	b	4128	4496	0	33378	1433	63	36.4	29841.19	32	68	60	160	12.4	12.7	8624	-6798	-5685	-6298.571298	-4721.146736		3062
11/25/2024	c	4129	5898	0	42689	1400	58.2	27.7	38916.16	32	68	60	160	12.4	12.9	10027	-7566	-6027.142857	-7226.908777	-5090.300795		3298
11/26/2024	c	4108	6681	0	49421	1397	51.3	22.2	44937.04	37	82	75	194	12.5	13.1	10789	-8468	-6432.142857	-8189.661076	-5524.007456		3960
11/27/2024	c	4140	6674	0	55589	1377	46.7	20.2	50852.06	34	73	75	182	12.4	13	10813	-9120	-6779.285714	-8750.454233	-5933.058872		4277
11/28/2024	c	4087	6670	0	49970	1355	41.3	18.9	49500.79	36	82	80	198	12.2	12.3	10757	-9646	-7102.857143	-8966.754918	-6310.784426		453
11/29/2024	c	4146	6669	0	43193	1346	36.9	18.6	44647.06	37	93	87	217	12	11.7	10815	-10026	-7422.142857	-9375.721735	-6708.24032		-1337
11/30/2024	c	4165	6670	0	35786	1343	33.9	20	38297.83	39	103	75	217	11.7	11.2	10835	-10198	-7787.857143	-9537.906647	-7107.708387		-2405
12/1/2024	c	4165	6676	0	27301	1347	32	22.8	31810.99	40	112	91	243	11.7	11.4	10841	-10196	-8140.714286	-9561.847339	-7523.116744		-4328
12/2/2024	c	1668	6672	0	24528	1352	28.1	24.4	27401.43	43	120	100	263	11.7	11.7	8340	-9882	-8420	-9122.734718	-7798.107045		-2669
12/3/2024	c	1655	6680	0	21329	1347	24.7	25.7	24663.38	44	124	98	266	11.7	11.6	8334	-9412	-8648.571429	-8688.267859	-8017.790944		-3124
12/4/2024	c	4176	6673	0	16103	1343	23.9	28.7	22325.48	44	124	96	264	11.8	11.5	10849	-9196	-8898.571429	-8702.10911	-8409.778097		-6021
12/5/2024	c	4159	6672	0	13353	1331	25.3	34.3	19955.65	43	124	97	264	11.8	11.7	10831	-9064	-9180.714286	-8717.93171	-8766.511382		-6398
12/6/2024	c	4157	6679	0	10509	1320	27	41.1	17528.19	44	124	97	265	11.9	11.7	10836	-8970	-9375.714286	-8730.515633	-8977.350154		-6820
12/7/2024	c	4159	6674	0	8402	1313	27	45.4	15699.03	45	124	97	266	11.9	11.6	10832	-9202	-9519.285714	-9201.275648	-9068.091102		-7093
12/8/2024	c	4196	6677	0	6637	1305	27.8	50.1	14244.81	46	124	95	265	11.9	11.8	10873	-9620	-9656.428571	-9681.77252	-9226.077095		-7405
12/9/2024	c	4154	6672	0	5545	1294	29.2	54.2	13262.97	46	116	80	242	11.8	11.8	10826	-9800	-9696.428571	-9693.149678	-9290.578419		-7516
12/10/2024	c	4171	6031	0	5531	1288	30.6	56.4	12723.43	48	114	83	245	11.5	11.3	10203	-9880	-9685	-9588.334943	-9266.037763		-6988
12/11/2024	c	3737	6655	0	4492	1288	33	58.2	12015.56	49	115	85	249	11.2	10.8	10392	-10126	-9735	-9518.777271	-9251.751238		-7314
12/12/2024	c	3458	6669	0	4048	1328	35.8	59.3	11374.58	51	115	86	252	11.2	10.9	10127	-10350	-9770.714286	-9396.172545	-9221.45454		-7131
12/13/2024	c	3462	6680	0	7162	1358	39.5	61	12149.86	55	115	88	258	11.2	11.2	10141	-10334	-9766.428571	-9263.73804	-9186.082918		-5004
12/14/2024	c	3416	6678	0	9064	1341	42.6	59.5	13623.42	57	115	87	259	11.2	11.4	10094	-10528	-9814.285714	-9128.390871	-9144.322785		-4591
12/15/2024	c	3530	7040	0	19018	1343	45.4	52.2	20754.55	60	118	86	264	11	11.2	10570	-10468	-9782.142857	-9189.798187	-9133.163066		-2058
12/16/2024	c	3516	7047	0	27591	1318	46.3	41.3	27753.93	59	119	97	275	10.8	10.9	10563	-10406	-9922.142857	-9214.315861	-9284.458789		-487
12/17/2024	c	3435	7044	0	38522	1295	45.4	31.8	36024.72	62	119	100	281	10.7	10.7	10479	-10236	-10065	-9276.565124	-9431.560706		2037
12/18/2024	c	3452	6998	0	40589	1290	42.8	25.8	39737.38	66	119	101	286	10.4	10.5	10450	-9958	-10038.57143	-9334.674347	-9411.999074		616
12/19/2024	o	1829	592	0	53216	1280	29.5	16.5	43821.81	64	119	100	283	10.3	10.6	2421	-8702	-9685	-7941.855908	-8867.152855	-2000	9158
12/20/2024	o	1805	590	0	48933	1262	17.9	10.1	42502.73	76	119	100	295	10.3	11.2	2395	-7342	-9200.714286	-6456.823954	-8321.130323	-2000	6482
12/21/2024	o	1816	494	0	45231	1264	7.8	4.7	39182.06	76	119	100	295	10.5	11.4	2310	-5776	-8698.571429	-4957.828611	-7768.941991	-2000	6106
12/22/2024	o	1819	493	0	38641	1252	7.3	4.9	34339.27	76	119	101	296	10.8	11.9	2311	-4268	-8153.571429	-3472.290744	-7213.888643	-2000	4464
12/23/2024	o	1799	490	0	35695	1250	6.9	5.3	31511.29	72	110	97	279	11.2	12.8	2289	-3136	-7658.571429	-1987.085431	-6659.833272	-2000	4310
12/24/2024	o	1816	493	0	34056	1266	6.6	5.8	29777.69	74	104	97	275	11.4	13.3	2309	-2788	-7152.142857	-1968.096846	-6145.639249	-2000	4370
12/25/2024	o	1816	505	0	34921	1307	6.4	6.1	29499.25	75	105	94	274	11.4	12.6	2322	-2711.6	-6552.714286	-1950.779665	-5618.274036	-2000	5397
12/26/2024	o	1810	498	0	36484	1294	6.1	6.2	30672.61	75	99	93	267	11.3	12.2	2308	-2803.6	-6003.428571	-1939.536365	-5105.857641	-2000	5790
12/27/2024	o	1803	497	0	41423	1339	5.8	5.9	34511.28	76	91	93	260	11.4	12.3	2300	-2957.6	-5519.142857	-1925.801409	-4593.196989	-2000	6824
12/28/2024	o	1810	495	0	46708	1417	5.5	5.5	37487.9	76	92	93	261	11.7	12.7	2306	-2923.6	-4942.714286	-1917.100057	-4084.372267	-2000	8971
12/29/2024	o	1801	700	0	50630	1387	5.5	5.2	41407.78	76	92	92	260	11.9	13.1	2501	-2953.6	-4468.428571	-1930.056903	-3552.874505	-2000	9008
12/30/2024	o	1792	798	0	52925	1360	5.5	5	43849.2	72	99	86	257	12	12.9	2589	-2960	-3893.428571	-1960.420668	-3027.597181	-2000	8888
12/31/2024	o	969	1394	0	55767	1349	5.4	4.7	45699.16	85	88	97	270	11.8	11.8	2363	-2914	-3388.428571	-1956.816368	-2491.661656	-2000	9872
1/1/2025	o	951	1498	0	57239	1343	5.3	4.5	47974.33	85	86	85	256	11.5	11.4	2449	-2952	-3017	-1967.300741	-1961.99213	-2000	9150
1/2/2025	o	3980	1598	0	53186	1335	7.4	6	48889.03	84	85	82	251	11.5	11.4	5578	-3350	-3031.285714	-2546.581967	-2157.488716	-5000	4376
1/3/2025	o	4163	1600	0	52339	1332	9.7	7.8	48354.31	78	82	77	237	11.3	11.6	5764	-3906	-3241.285714	-3132.256596	-2365.52902	-5000	4052
1/4/2025	o	4106	1590	0	50603	1346	11.8	9.7	46758.48	75	80	74	229	11.2	10.9	5697	-4440	-3416.285714	-3686.895036	-2573.692333	-5000	3926
1/5/2025	o	4066	1597	0	47337	1367	11.7	10.1	43812.4	73	77	71	221	11.1	10.7	5663	-4910	-3617.714286	-4275.63882	-2778.571683	-5000	3606
1/6/2025	o	4094	1590	0	45647	1348	11.4	10.4	42460.71	57	84	68	209	11	10.6	5684	-5368	-3814.142857	-4852.291369	-2985.279965	-5000	3260
1/7/2025	o	4082	1694	0	45148	1325	11.2	10.9	42163.91	57	79	64	200	10.9	10.4	5776	-5564	-4022.714286	-4876.211563	-3196.101115	-5000	3052
1/8/2025	o	4106	1796	0	48300	1302	11.1	10.9	45026.1	71	63	59	193	10.7	10.7	5902	-5674	-4299.285714	-4895.232141	-3417.11919	-5000	3337
1/9/2025	o	4164	1789	0	45516	1288	11.1	11	43235.78	69	59	56	184	10.7	10.7	5953	-5948	-4539.285714	-4938.469716	-3644.739958	-5000	2408
1/10/2025	o	4183	1792	0	42077	1292	11.1	11.3	40255.07	67	56	52	175	10.8	10.6	5975	-6126	-4749.285714	-4993.407987	-3874.145461	-5000	1950
1/11/2025	o	4210	1693	0	38520	1336	11.1	12	37005.68	64	50	49	163	10.7	10.6	5903	-6202	-4985	-5035.440943	-4098.973138	-5000	1636
1/12/2025	o	4147	1590	0	36317	1362	11	12.7	34933.5	61	45	47	153	10.3	10	5737	-6218	-5188.571429	-5025.016306	-4301.443759	-5000	1505
1/13/2025	o	4170	1592	0	34722	1342	11.1	13.2	33507.35	45	47	41	133	10.2	9.8	5762	-6058	-5405.714286	-4989.380912	-4498.890706	-5000	1329
1/14/2025	o	4168	1599	0	33134	1355	11.2	13.7	32161.64	43	44	39	126	10	9.6	5767	-5858	-5590.714286	-4944.881086	-4711.905928	-5000	1093
1/15/2025	o	3426	799	0	33121	1340	10.5	13	30787.64	41	40	38	119	10	9.6	4225	-5576	-5686.428571	-4615.42396	-4819.903754	-3500	2449
1/16/2025	o	3471	798	0	31472	1302	9.8	12.3	29398.18	39	37	36	112	9.9	9.7	4268	-5262	-5667.857143	-4306.17218	-4727.398214	-3500	2188
1/17/2025	i	3495	1693	0	28925	1247	9.7	12.3	28011.57	38	35	36	109	10	9.8	5189	-5082	-5608.571429	-4205.237999	-4684.651403	-5000	1023
1/18/2025	i	3488	1399	0	26933	1244	10.6	13.6	26089.37	37	35	34	106	10.1	9.9	4886	-4884	-5564.285714	-4049.693341	-4628.46153	-5000	958
1/19/2025	i	3480	1094	0	25056	1240	11.2	14.7	24162.83	37	31	33	101	10	9.9	4574	-4664	-5502.857143	-3837.064924	-4555.272394	-5000	999
1/20/2025	o	3478	795	0	22958	1253	11	14.8	22083.89	37	33	38	108	10.1	9.9	4273	-4490	-5372.857143	-3851.721559	-4462.557393	-3500	978
1/21/2025	o	961	3392	0	20909	1251	11	15.4	20376.24	36	27	33	96	10	9.9	4353	-4400	-5252.142857	-3870.771313	-4368.312411	-3500	639
1/22/2025	o	924	3396	0	19664	1221	11.4	16.1	19260.07	36	27	32	95	10	9.7	4320	-4282	-5111.428571	-3712.70339	-4262.319706	-3500	508
1/23/2025	o	902	3082	0	18094	1192	11.8	16.9	17615.91	36	27	31	94	10	9.9	3985	-4192	-4937.142857	-3542.515992	-4129.906628	-3500	579
1/24/2025	o	904	3294	0	16690	1181	12.3	17.7	16581.04	35	25	30	90	10	10	4198	-4198	-4814.285714	-3463.356275	-4008.825354	-3500	208
1/25/2025	o	2673	1397	0	16237	1159	12.8	18.3	16110.66	34	22	28	84	9.9	9.8	4070	-4262	-4680	-3416.741653	-3884.450504	-3500	238
1/26/2025	o	2677	1400	0	16013	1153	13.5	19.1	15928.19	33	22	28	83	9.7	9.5	4076	-4278	-4559.285714	-3361.96065	-3774.363962	-3500	192
1/27/2025	o	2670	2991	0	14540	1159	15.9	21.6	16035.9	32	23	26	81	9.5	9.7	5660	-4466	-4542.857143	-3599.625492	-3765.978485	-5000	-1397
1/28/2025	o	3467	2593	0	13404	1150	19.1	25	15363.43	31	17	27	75	9.6	10	6060	-4760	-4545	-3974.064348	-3783.186365	-5000	-1860
1/29/2025	o	2558	3398	0	13161	1143	22.5	28.4	15073.99	30	17	27	74	9.7	10	5956	-4970	-4597.857143	-4295.959633	-3894.730952	-5000	-1821
1/30/2025	o	3456	2497	0	12891	1148	24	29.6	14841.9	29	16	27	72	9.8	10.2	5953	-5226	-4667.142857	-4640.350483	-4003.799898	-5000	-1860
1/31/2025	o	3426	2492	0	12952	1167	24.9	29.6	14848.64	40	18	30	88	9.8	10.1	5918	-5612	-4748.571429	-4972.377394	-4048.342318	-5000	-1799
2/1/2025	o	3427	2489	0	15966	1211	25.7	28.6	17006.19	34	18	26	78	10	10.4	5916	-5800	-4870	-5015.35295	-4110.856917	-5000	-989
2/2/2025	o	4220	1789	0	21464	1223	26.1	25.8	21272.92	35	18	26	79	10.2	11.3	6009	-5956	-5006.428571	-5006.144439	-4200.714763	-5000	217
2/3/2025	o	4238	2791	0	30968	1226	26.9	21.9	29406.82	30	20	24	74	10.7	12.2	7030	-6270	-5233.571429	-5195.692739	-4374.720659	-6250	1579
2/4/2025	o	4243	2998	0	43776	1264	26.9	17.7	40852	38	16	26	80	11.2	12.6	7241	-6790	-5520.714286	-5420.385479	-4557.233529	-6250	2909
2/5/2025	o	4197	2998	0	72959	1307	25.2	13.5	61120.37	37	15	26	78	11	12.6	7195	-6954	-5702.857143	-5642.145728	-4737.428867	-6250	11218
2/6/2025	o	4201	2999	0	137548	1295	19.8	8.4	123130.3	38	15	29	82	10.8	12.3	7200	-7328	-5990	-5862.919436	-4939.572432	-6250	13843
2/7/2025	o	4209	2998	0	173626	1300	15.3	5.7	159505.3	38	15	25	78	10.9	12.2	7207	-7642	-6236.428571	-6066.107661	-5130.268829	-6250	13442
2/8/2025	o	4249	2994	0	201620	1286	12.1	4.3	186391.6	37	15	25	77	10.9	11.9	7243	-7612	-6430	-6094.756752	-5331.154623	-6250	14537
2/9/2025	o	4219	2998	0	208943	1278	9.9	3.8	194417.2	37	17	25	79	10.8	11.6	7217	-7420	-6642.857143	-6084.744536	-5529.656345	-6250	13855
2/10/2025	o	4240	1796	0	197634	1267	7.9	3.4	188518.3	27	19	22	68	10.6	11.1	6036	-7338	-6728.571429	-5870.057402	-5548.297406	-5000	9030
2/11/2025	o	4249	1799	0	185153	1273	6.6	3.2	176427.2	16	17	25	58	10.5	10.9	6047	-6970	-6779.285714	-5661.561087	-5542.249839	-5000	8637
2/12/2025	o	4252	1797	0	171005	1286	5.5	3.2	164432.4	15	17	25	57	10.5	11	6048	-6690	-6850.714286	-5450.2667	-5542.521353	-5000	6640
2/13/2025	o	4158	1794	0	164973	1389	5	3.4	157173.6	28	17	25	70	10.8	11.7	5953	-6788	-6987.857143	-5214.15199	-5536.083732	-5000	7741
2/14/2025	o	4184	1792	0	174621	1623	4.6	3.4	157331.9	30	17	25	72	11	12.6	5976	-6316	-6894.285714	-4975.96896	-5530.939047	-5000	16759
2/15/2025	o	4202	1993	0	182064	2440	4.2	3.5	161409.2	31	17	25	73	11.3	12.5	6196	-5982	-6793.571429	-4972.49794	-5532.992045	-5000	20104
2/16/2025	o	4218	2398	0	174819	2806	4.1	3.6	158469.4	33	17	26	76	11.6	12.2	6616	-5916	-6765	-4965.525111	-5527.742936	-5000	15800
2/17/2025	o	4208	2496	0	166966	2649	4	3.8	151487.9	15	17	25	57	11.9	12.2	6704	-5674	-6637.857143	-4940.532278	-5451.392617	-5000	14925
2/18/2025	o	3473	3098	0	157188	2563	3.9	4	143678.9	33	17	25	75	12.2	12	6571	-5186	-6415	-4924.847204	-5359.105777	-5000	13082
2/19/2025	o	3474	3086	0	139959	2344	3.8	4.2	131824.3	35	16	25	76	12.4	13	6561	-5266	-6291.428571	-4920.811484	-5273.319674	-5000	8183
2/20/2025	o	3894	2494	0	129292	2055	3.7	4.4	121604.7	39	15	25	79	12.4	13.5	6387	-5342	-6084.285714	-4887.799879	-5184.735061	-5000	7737
2/21/2025	o	4148	2191	0	121393	1873	3.7	4.7	114153.4	46	15	25	86	12.5	13.8	6339	-5210	-5896.428571	-4876.00629	-5102.706732	-5000	7282
2/22/2025	o	4260	2393	0	110318	1739	3.9	5.1	103893.8	52	15	25	92	12.7	14.2	6653	-5210	-5780	-4956.894158	-5045.01312	-5000	6482
2/23/2025	o	4212	2300	0	95282	1653	4.1	5.6	89109.01	53	15	26	94	13.1	15	6512	-5334	-5670	-5034.146292	-4983.892119	-5000	6231
2/24/2025	o	4235	1890	0	85523	1618	4.3	6.2	79211.21	43	16	26	85	13.5	15.3	6125	-5416	-5605	-5042.780757	-4977.86373	-5000	6359
2/25/2025	o	4244	1992	0	75197	1586	4.4	6.8	69397.77	49	15	25	89	13.8	15.3	6236	-5526	-5568.571429	-5085.981345	-4979.170868	-5000	5861
2/26/2025	o	4200	1995	0	66792	1548	4.6	7.5	61231.2	47	15	25	87	13.8	15.3	6195	-5642	-5522.142857	-5103.889807	-4979.000699	-5000	5623
2/27/2025	o	4208	1993	0	61502	1541	4.8	8.3	56517.06	46	15	24	85	13.9	15.5	6201	-5786	-5422.142857	-5052.20086	-4987.17343	-5000	5048
2/28/2025	o	4205	1893	0	57487	1534	5.1	8.9	52883.25	45	15	25	85	14.2	15.6	6098	-5956	-5541.428571	-4995.437184	-4990.845056	-5000	4666
3/1/2025	o	4272	1892	0	53899	1537	5.5	9.5	49837.05	39	13	23	75	14.8	15.8	6164	-6106	-5649.285714	-5016.069242	-4993.424909	-5000	4124
3/2/2025	o	4243	1794	0	50105	1540	5.9	10	46504.3	39	13	22	74	14.7	15.3	6036	-6126	-5643.571429	-4995.571427	-4989.901695	-5000	3634
3/3/2025	o	4223	1793	0	49220	1530	6.3	10.4	45704.74	37	16	23	76	14.8	14.8	6016	-6036	-5651.428571	-4984.185829	-4994.591253	-5000	3557
3/4/2025	o	4213	1698	0	46725	1528	6.7	10.7	43339.17	36	11	22	69	14.6	15.1	5911	-6002	-5713.571429	-4948.907688	-4995.76646	-5000	3432
3/5/2025	o	4235	1598	0	44441	1548	7.2	11	41414.97	35	12	22	69	14.4	15.2	5834	-6010	-5807.142857	-4920.283621	-4990.656534	-5000	3078
3/6/2025	o	4254	1599	0	45226	1660	7.7	11.3	40845.43	32	13	23	68	14.1	14.3	5852	-5850	-5830.714286	-4878.242263	-4990.011475	-5000	4284
3/7/2025	o	4246	1692	0	43575	1707	8.4	11.8	39281.82	30	15	22	67	14	14.1	5937	-5618	-5789.285714	-4857.903397	-4983.436376	-5000	4202
3/8/2025	o	4247	1993	0	41244	1865	9.2	12.4	37494.48	28	17	22	67	14.1	14.2	6240	-5598	-5790	-4885.931407	-4969.247413	-5000	3663
3/9/2025	o	4237	1995	0	39624	2022	10.1	13.2	35970.91	26	17	22	65	14.4	14.6	6232	-5624	-5817.142857	-4917.979735	-4954.278404	-5000	3570
3/10/2025	o	4274	1997	0	38088	2080	10.9	13.9	34565.18	28	18	23	69	14.4	14.8	6271	-5586	-5867.857143	-4955.080253	-4959.334925	-5000	3440
3/11/2025	o	4254	2097	0	34084	2084	11.5	14.5	32427.91	25	14	21	60	14.4	15.2	6351	-5762	-5915	-5002.039018	-4960.032072	-5000	1733
3/12/2025	o	4224	2089	0	32831	2068	12.1	15.1	31327.43	25	15	21	61	14.3	15.4	6314	-6128	-5962.857143	-5036.848109	-4959.492912	-5000	1583
3/13/2025	o	4233	2093	0	33664	2078	12.7	15.6	31069.78	23	16	21	60	13.9	14.7	6326	-6224	-5946.428571	-5025.430533	-4959.686582	-5000	2546
3/14/2025	o	4222	1999	0	35480	2164	13	15.7	31593.31	26	17	24	67	13.7	13.7	6221	-6156	-5888.571429	-5010.836	-4959.777981	-5000	3809
3/15/2025	o	4226	2089	0	39040	2635	13.4	15.5	33242.95	26	18	27	71	13.5	13.4	6316	-6004	-5831.428571	-5010.612333	-4957.386029	-5000	5546
3/16/2025	o	4270	2099	0	42128	2994	13.7	14.9	35744.5	25	18	27	70	13.9	13.7	6369	-5954	-5853.571429	-4966.640933	-4949.699753	-5000	6125
3/17/2025	o	4245	2396	0	44423	3466	14.2	14.5	37573.73	29	25	19	73	14	14	6641	-5808	-5881.428571	-4948.763573	-4946.842106	-5000	6560
3/18/2025	o	4228	2696	0	47833	3716	14.7	13.9	38818.49	31	29	19	79	14.2	13.8	6924	-5628	-5812.857143	-4932.029777	-4953.658757	-5000	8791
3/19/2025	o	4234	3094	0	50955	4618	15.3	13.5	41824.41	32	30	21	83	14	14.1	7328	-5646	-5758.571429	-4985.17277	-4982.952677	-5000	8960
3/20/2025	o	4225	3194	0	52138	4880	15.6	12.9	44996.99	32	30	19	81	14.3	14.3	7419	-5590	-5738.571429	-4961.923923	-4987.272336	-5000	7143
3/21/2025	o	4229	1796	0	54844	4696	14.7	11.8	46261.17	34	30	20	84	14.5	14.6	6025	-5244	-5720	-4694.619188	-4891.383964	-3500	8591
3/22/2025	o	3526	2400	0	53413	4695	13.4	10.7	45451.41	34	35	19	88	14.6	15	5925	-4874	-5622.857143	-4410.640839	-4777.095474	-3500	8009
3/23/2025	o	3528	2392	0	52377	4553	12.1	9.9	45207.01	35	36	22	93	15.1	15.6	5920	-4632	-5458.571429	-4117.869121	-4667.904966	-3500	7285
3/24/2025	o	3516	2294	0	51825	4344	11.7	9.8	44766.45	34	28	23	85	15.8	16.5	5809	-4314	-5304.285714	-3770.470422	-4559.877737	-3500	7166
3/25/2025	o	3534	2195	0	50685	3979	11.3	9.8	43878.26	39	36	25	100	16.7	17.8	5729	-4302	-5217.142857	-3497.911956	-4450.084099	-3500	6919
3/26/2025	o	3557	1998	0	49697	3670	10.8	9.8	43046.21	39	36	26	101	17.2	18.7	5555	-4452	-5121.428571	-3508.823947	-4345.661049	-3500	6771
3/27/2025	o	3552	1696	0	48578	3447	10.2	9.7	42021.68	39	36	25	100	17.9	19.1	5248	-4506	-5009.285714	-3492.834048	-4229.739587	-3500	6688
3/28/2025	o	3541	1599	0	47245	3329	9.7	9.5	40973.22	41	36	26	103	17.7	18.9	5140	-4686	-4933.571429	-3480.909558	-4121.502666	-3500	6395
3/29/2025	o	3539	1494	0	45804	3283	9.2	9.5	39745.96	41	37	29	107	17.8	17.7	5033	-4818	-4880.714286	-3460.869352	-4006.398101	-3500	6189
3/30/2025	o	3527	1495	0	44726	3124	9	9.6	38998.54	40	37	28	105	17.7	17.4	5022	-4862	-4827.142857	-3437.080183	-3903.812403	-3500	5860
3/31/2025	o	3541	1390	0	44151	2978	8.9	9.7	38298.99	36	31	26	93	16.9	17.3	4931	-4854	-4780.714286	-3405.584242	-3794.525574	-3500	5940
4/1/2025	o	3542	1290	0	44779	2774	8.8	9.7	38555.58	36	37	28	101	16.8	16.4	4832	-5014	-4790	-3411.921602	-3686.84381	-5000	6292
4/2/2025	o	3547	1398	0	47183	2586	8.8	9.6	40043.46	35	22	15	72	16.3	16.1	4945	-5058	-4723.571429	-3456.742803	-3575.634821	-5000	7150
4/3/2025	o	3541	1997	0	48182	2402	9.2	9.7	41314.34	33	22	15	70	16	16.3	5538	-5182	-4735	-3638.842504	-3533.869023	-5000	6881
4/4/2025	o	3533	2692	0	47942	2491	10.1	10.3	42323.51	31	22	14	67	16.2	16.7	6224	-5232	-4822.857143	-3962.470225	-3642.33063	-5000	5637
4/5/2025	o	3514	2693	0	46932	2465	10.9	11	42080.01	29	22	13	64	16.5	17.2	6207	-5298	-4932.142857	-4276.272783	-3746.536982	-5000	4920
4/6/2025	o	3505	2695	0	46048	2428	11.4	11.4	41606.12	27	22	12	61	17	17.8	6200	-5394	-5062.142857	-4579.041636	-3851.54828	-5000	4529
4/7/2025	o	3511	2696	0	46859	2309	11.5	11.4	42761.78	26	22	30	78	17.5	18.2	6207	-5720	-5225.714286	-4846.683907	-3959.99678	-5000	4238
4/8/2025	o	3488	2692	0	44122	2118	11.6	11.5	40259.69	25	22	27	74	17.4	18.3	6180	-6000	-5341.428571	-4995.980001	-4068.893325	-5000	4003
4/9/2025	o	3459	2593	0	42894	2081	11.6	11.6	39273.27	25	22	27	74	18	19.2	6052	-6052	-5394.285714	-4997.983058	-4174.17317	-5000	3762
4/10/2025	r	3464	594	0	43978	2014	10.3	10.6	38551.45	16	22	28	66	18.4	19.8	4058	-5984	-5460	-4655.101733	-4161.632584	-5000	5574
4/11/2025	r	3461	594	0	43789	2029	9	9.3	38493.5	24	22	27	73	19.3	19.9	4055	-5886	-5490.714286	-4316.8134	-4150.085366	-5000	5443
4/12/2025	r	3456	588	0	43452	2118	7.7	8	38180.79	25	22	27	74	19.1	19.6	4044	-5536	-5482.142857	-3968.924561	-4141.445068	-5000	5417
4/13/2025	r	3459	590	0	42860	2207	7.7	8.1	37672.53	24	22	27	73	19.3	19.5	4048	-5118	-5432.857143	-3609.337066	-4130.41364	-5000	5332
4/14/2025	r	3466	599	0	42260	2172	7.8	8.2	37196.95	22	22	27	71	19.7	19.8	4065	-4998	-5445.714286	-3247.440442	-4117.693241	-5000	5214
4/15/2025	r	3515	593	0	41332	2061	7.9	8.4	36533.37	20	22	26	68	19.5	19.9	4108	-5028	-5465	-3249.213881	-4103.522683	-5000	4959
4/16/2025	r	3524	596	0	39454	2004	8	8.6	35098.29	19	24	25	68	19.3	19.7	4120	-4970	-5459.285714	-3256.967744	-4078.737131	-5000	4538
4/17/2025	r	3496	599	0	37668	1987	8.1	8.9	33792.05	19	23	25	67	19.3	19.2	4095	-4832	-5357.142857	-3269.437441	-4009.514688	-5000	4052
4/18/2025	j	913	593	0	37685	2010	6.5	7.3	31629.96	19	23	26	68	19.2	18.6	1506	-4415.6	-5141.285714	-2815.467636	-3720.769859	-5000	6222
4/19/2025	j	912	590	0	35192	2313	4.8	5.6	29445.18	19	24	27	70	19.4	18.5	1502	-3735.2	-4887.571429	-2363.113475	-3434.42206	-5000	5915
4/20/2025	j	1831	592	0	34744	2578	3.7	4.4	29655.93	20	23	29	72	19.7	18.5	2423	-3106.4	-4648	-2041.679964	-3197.322086	-5000	5256
4/21/2025	j	911	591	0	36021	2518	3.8	4.5	29809.25	21	23	30	74	20	19.2	1502	-2592.6	-4342.357143	-1513.015859	-2888.1414	-5000	6379
4/22/2025	j	911	592	0	35566	2246	3.9	4.4	29487.55	21	23	29	73	20.2	19.9	1503	-2257.4	-4020.5	-990.4275364	-2578.960237	-5000	6254
4/23/2025	j	909	599	0	34586	2114	3.2	3.7	28942.51	23	23	30	76	19.6	19.8	1508	-2194.2	-3763.5	-965.5554038	-2280.617125	-5000	5818
4/24/2025	j	907	596	0	32020	1989	3.3	3.8	26858.63	25	24	14	63	18.7	19.3	1503	-2400.6	-3607.785714	-953.2381847	-2112.327936	-5000	5348
4/25/2025	j	1825	593	0	28215	2141	4.2	4.9	24004.61	25	25	29	79	18	18.1	2417	-2689.4	-3506.357143	-980.8081361	-2005.891635	-5000	4398
4/26/2025	j	1525	591	0	25462	2584	4.8	6	21144.55	24	24	29	77	17.8	17.1	2116	-2877.2	-3392.785714	-1133.734952	-1875.573682	-5000	4505
4/27/2025	j	921	596	0	28049	2818	5	6.5	20333.22	23	24	13	60	17.7	16.2	1518	-2856.8	-3212.928571	-1128.039151	-1692.78241	-5000	7625
4/28/2025	j	920	593	0	27159	2506	4.5	6	19379.46	22	24	29	75	17.6	16.2	1513	-2872.4	-3004.357143	-1073.785611	-1504.311828	-5000	7677
4/29/2025	j	922	598	0	25576	2129	4.1	5.6	18462.65	22	24	30	76	18.2	17.9	1520	-2796.4	-2810.785714	-1042.05352	-1324.056378	-5000	7016
4/30/2025	j	924	594	0	24375	1826	4.3	5.8	17952.25	24	22	29	75	19	19.5	1518	-2630.4	-2670.785714	-867.237009	-1152.416372	-5000	6340
5/1/2025	j	927	597	0	23360	1776	4.4	6.1	17210.62	39	22	29	90	19.7	20.7	1524	-2487.4	-2555.428571	-791.3045886	-990.5262352	-5000	6053
5/2/2025	j	1295	592	0	18563	2089	5	6.8	15715.84	40	21	29	90	19.9	21	1887	-2429.4	-2503.571429	-936.2729741	-1021.641459	-5000	3026
5/3/2025	j	1465	596	0	20132	2643	5.7	7.5	17109.01	42	14	30	86	19.5	19.8	2061	-2305.4	-2493.714286	-1107.752144	-1055.968496	-5000	3221
5/4/2025	j	1628	595	0	21953	3055	6.8	8.2	18427.24	42	14	25	81	19.1	18.2	2224	-2105.2	-2453.214286	-1227.658307	-1033.334358	-5000	3723
5/5/2025	j	1629	595	0	22463	2701	7.4	8.2	18585.99	43	24	26	93	19.4	18.1	2224	-2027.4	-2468.928571	-1273.563911	-1066.897819	-5000	4089
5/6/2025	j	1370	593	0	21841	2241	7.6	7.9	18152.88	44	23	29	96	19.6	18.8	1963	-2226.4	-2544.357143	-1275.52527	-1092.346854	-5000	3918
5/7/2025	j	902	590	0	20228	1866	6.9	7.1	16698.64	43	22	29	94	19.8	19.7	1492	-2280.6	-2534.428571	-1166.590007	-1093.439532	-5000	3753
5/8/2025	j	899	594	0	17834	1678	6.1	6.6	15037.88	42	21	24	87	20.2	20.7	1493	-2295	-2456	-1088.554931	-1104.295905	-5000	3032
5/9/2025	j	899	596	0	16055	1606	5.7	6.5	13717.1	42	21	24	87	21.1	21.8	1496	-2483.6	-2379.714286	-1051.788874	-1058.684621	-5000	2558
5/10/2025	j	900	598	0	14486	1902	5.9	7.1	12501.29	41	21	30	92	22	22.5	1498	-2583.4	-2364	-1059.755359	-1040.476536	-5000	2216
5/11/2025	j	1266	600	0	13239	2366	6.7	8.4	11473.65	40	21	29	90	21.9	21.2	1866	-2451.4	-2399.571429	-1124.132588	-1090.951653	-5000	1990
5/12/2025	j	1268	590	0	13372	2589	7.5	9.5	11213.03	40	21	29	90	21.4	19	1858	-2517.8	-2407.785714	-1185.837997	-1133.458241	-5000	2384
5/13/2025	j	906	598	0	16809	2284	7.6	9.1	13736.26	41	21	30	92	20.9	17.8	1504	-2562.2	-2372.357143	-1127.708432	-1134.886945	-5000	3289
5/14/2025	j	905	596	0	18611	1829	7	7.7	15574.63	42	21	24	87	20.5	18.6	1501	-2463.2	-2320	-1080.614306	-1134.890799	-5000	3262
5/15/2025	j	904	599	0	18901	1530	6.4	6.4	16234.58	42	21	24	87	20.6	19.9	1503	-2382	-2326.357143	-1069.160691	-1139.710858	-5000	2907
5/16/2025	j	906	591	0	18721	1840	6.4	6.2	16345.49	41	21	29	91	21.1	20.9	1497	-2346.4	-2369.928571	-1046.383457	-1130.276826	-5000	2619
5/17/2025	j	909	591	0	18601	2277	6.4	6.2	16022.44	42	21	29	92	20.6	20.1	1500	-2192.8	-2367.571429	-1038.898813	-1108.867766	-5000	2823
5/18/2025	j	906	590	0	17160	2536	6.6	6.4	14471.72	44	21	25	90	20.3	19.1	1496	-1961.86	-2321.164286	-1074.559822	-1080.208915	-5000	2927
5/19/2025	j	903	590	0	16778	2352	6.7	6.6	13931.58	45	21	28	94	20.8	19.1	1493	-1950.06	-2292.378571	-1056.240987	-1057.275469	-5000	3087
5/20/2025	r	3555	598	0	13271	1905	11.1	11.2	13375.95	44	21	24	89	21	19.9	4154	-2211.26	-2320.95	-1499.147635	-1219.575989	-5000	147
5/21/2025	r	3504	596	0	12661	1667	15.4	15.7	13199.62	37	22	27	86	21.5	20.4	4100	-2668.86	-2508.592857	-1943.466785	-1407.732818	-5000	-271
5/22/2025	r	3311	593	0	11976	1680	19.4	20.4	12617.99	35	22	26	83	21.6	20.6	3904	-3367.46	-2750.592857	-2405.826461	-1579.321884	-5000	-385
5/23/2025	r	3200	595	60	12142	1860	18.9	20.3	12489.26	29	22	26	77	21.2	19.7	3795	-4231.6	-2945.45	-2890.867673	-1737.022772	-5000	-92
5/24/2025	r	3202	595	100	14521	2137	18.3	19.2	11941.6	30	22	25	77	20.8	19.2	3797	-4892	-3116.878571	-3383.061731	-1887.027745	-5000	2838
5/25/2025	r	3203	592	100	15551	2446	17.8	18	11021.71	30	21	24	75	20.6	18.7	3795	-5144	-3282.592857	-3345.712339	-2012.997328	-5000	4792
5/26/2025	r	3200	589	100	16128	2569	17.6	16.9	11245.35	30	21	24	75	20.2	18.7	3789	-5114	-3435.807143	-3247.907134	-2144.186081	-5000	5146
5/27/2025	r	3214	592	40	17154	2436	17.4	16.2	11911.91	30	19	25	74	20.7	19	3806	-5056	-3641.235714	-3154.218463	-2303.075466	-5000	5507
5/28/2025	r	3219	595	0	17226	2359	17.3	15.8	14801.76	30	19	25	74	21.5	19.2	3813	-4946	-3832.164286	-3094.516851	-2456.27368	-5000	2704
5/29/2025	r	3440	590	0	15700	2372	17.7	16.1	15584.01	27	16	22	65	21.3	19	4031	-4762	-3966.878571	-3098.600645	-2611.827729	-5000	400
5/30/2025	r	3436	597	0	14661	2364	18	16.9	14684.48	29	19	25	73	22.2	19.9	4033	-4594	-4085.307143	-3130.095156	-2757.180078	-5000	271
5/31/2025	r	3437	597	60	13824	2327	18.5	18	14005.44	29	18	23	70	23.5	20.5	4034	-4616	-4301.235714	-3195.021566	-2914.229921	-5000	114
6/1/2025	o	3426	2597	100	11225	2394	21.7	21.9	11143.41	28	18	24	70	23.8	21	6023	-4770	-4644.142857	-3609.8557	-3208.53828	-5000	366
6/2/2025	o	3221	2497	40	10932	2324	24.4	25.4	9160.145	28	18	24	70	23.6	21.1	5718	-5016	-4927.142857	-3949.890873	-3489.720068	-5000	2050
6/3/2025	o	3217	2691	0	11007	2165	27.4	28.9	11783.55	28	18	24	70	23.7	21	5908	-5402	-5106.428571	-4291.258261	-3609.010095	-5000	-492
6/4/2025	o	2687	3196	0	10663	2000	27.1	28.9	13223.2	25	21	23	69	24	21.1	5884	-5898	-5238.571429	-4652.48008	-3724.684826	-5000	-2267
6/5/2025	o	2696	2994	0	9123	1948	27.1	29.7	11890.69	27	21	23	71	24	20.8	5689	-6260	-5334.285714	-4991.340177	-3837.627677	-5000	-2464
6/6/2025	o	2697	2992	60	7779	1943	26.9	31.1	10809.94	26	21	23	70	24.1	20.9	5688	-6356	-5402.857143	-4997.284658	-3960.83006	-5000	-2751
6/7/2025	o	2699	2693	100	7886	1944	26.5	31.9	8633.862	26	21	23	70	24.2	21.1	5392	-6448	-5482.857143	-5013.698432	-4072.090318	-5000	-449
6/8/2025	o	2704	2800	100	6736	2031	26.8	33.1	6564.27	25	21	23	69	23.7	21.2	5504	-6448	-5572.142857	-5003.223384	-4200.978325	-5000	487
6/9/2025	b	2708	2793	40	6901	2040	27.2	33.3	6642.046	26	20	22	68	23.6	21.4	5500	-6338	-5675.714286	-4964.79259	-4337.858203	-5000	575
6/10/2025	b	2721	2192	0	7579	1906	27.2	32.8	8708.272	29	21	22	72	23.2	21.2	4913	-6178	-5735	-4838.664168	-4439.215428	-5000	-816
6/11/2025	b	2705	1992	0	7441	1889	26.5	31	9875.55	21	21	15	57	22.7	20.6	4697	-6016	-5785	-4677.689992	-4526.249039	-5000	-2113
6/12/2025	b	2716	1995	0	7573	1777	25.7	29.3	10019.34	21	21	15	57	22.4	20.2	4711	-5898	-5888.571429	-4569.014971	-4597.238292	-5000	-2136
6/13/2025	b	3243	993	60	8301	1705	25	27.8	10356.21	29	22	22	73	22.9	19.9	4235	-5794	-6000.714286	-4417.153977	-4660.64219	-5000	-1749
6/14/2025	b	3225	1987	100	7764	1568	26.5	28.3	8746.658	29	22	22	73	23.2	19.8	5212	-5692	-6060	-4460.764259	-4789.909165	-5000	-669
6/15/2025	b	3232	994	100	9303	1397	25.9	26.6	7880.2	28	22	22	72	23.5	20.5	4226	-5594	-6029.285714	-4441.525336	-4736.240298	-5000	1747
6/16/2025	b	3320	993	40	9606	1263	26.3	26	8279.196	28	18	22	68	23.8	21.3	4313	-5602	-5994.285714	-4479.781801	-4715.495799	-5000	1651
6/17/2025	b	3329	1695	0	8737	1169	26.2	25.1	10491.35	20	16	16	52	23.8	21.9	5025	-5644	-5975	-4659.956843	-4728.916357	-5000	-1437
6/18/2025	b	3217	1696	0	9414	1330	27.7	25.9	12668.66	27	21	21	69	24.4	22.7	4913	-5738	-5943.571429	-4858.954241	-4734.382961	-5000	-2883
6/19/2025	b	3207	1491	0	10037	1440	28.3	26.2	12884.68	27	21	21	69	24.2	22	4698	-5894	-5929.285714	-4808.634338	-4724.65708	-5000	-2509
6/20/2025	b	3158	1493	60	9771	1407	27.5	25.2	12575.02	20	16	16	52	22.7	20.4	4651	-6154	-5957.142857	-4911.738772	-4705.688196	-5000	-2442
6/21/2025	b	3206	1498	100	10034	1174	26.8	24.6	10567.69	20	16	16	52	22.2	20	4704	-6348	-5958.571429	-4996.958628	-4709.517298	-5000	-188
6/22/2025	b	3208	1296	100	10087	1058	26.2	24.2	9098.494	20	16	16	52	22.8	20.4	4504	-6462	-5980	-4919.843406	-4699.137794	-5000	1349
6/23/2025	b	3216	1294	100	9804	1037	25.6	24	8993.546	27	24	23	74	23.2	21.4	4510	-6606	-6039.285714	-4855.210474	-4695.246491	-5000	1151
6/24/2025	b	3216	1391	100	10033	996	25.1	23.8	9262.028	28	24	23	75	23.4	22.2	4608	-6690	-6112.142857	-4875.828656	-4737.930111	-5000	1108
6/25/2025	b	3218	1499	100	9840	1126	25.1	24.1	9276.391	19	16	17	52	23.4	22.4	4716	-6702	-6202.142857	-4938.797493	-4798.940875	-5000	918
6/26/2025	b	3206	1396	100	10130	1256	24.9	23.9	9335.62	19	16	17	52	23.4	22.3	4602	-6654	-6228.571429	-4953.930108	-4846.98699	-5000	1162
6/27/2025	b	3235	1397	100	9869	1379	24.7	24	9080.374	27	24	23	74	24.2	22.2	4632	-6434	-6208.571429	-4981.058774	-4900.532364	-5000	1150
6/28/2025	b	3203	1290	100	9910	1368	24.1	23.6	8952.783	27	24	24	75	25	22.4	4493	-6136	-6197.857143	-4963.035844	-4874.6292	-5000	1314
6/29/2025	b	4212	594	100	9236	1193	24.5	24.3	8688.524	27	24	24	75	25.5	22.8	4806	-5886	-6216.428571	-4980.78841	-4930.524066	-5000	902
6/30/2025	b	3930	0	100	9655	1033	23.3	23.5	8509.207	27	24	24	75	25.4	23.6	3930	-5672	-6227.142857	-4822.401145	-4921.304926	-5000	1506
